100b
2 0 9998
3 0 9997
4 0 9996
6 0 9994
6 0 9994
8 0 9992
10 0 9990
16 0 9984
23 0 9977
31 0 9969
34 1 9965
38 4 9958
41 5 9954
52 5 9943
61 7 9932
72 8 9920
83 8 9909
92 9 9899
107 11 9882
118 15 9867
132 18 9850
151 21 9828
172 26 9802
195 28 9777
212 31 9757
233 34 9733
258 38 9704
287 41 9672
311 44 9645
328 53 9619
348 61 9591
376 68 9556
398 73 9529
423 80 9497
453 83 9464
477 90 9433
506 99 9395
539 114 9347
571 124 9305
593 138 9269
619 153 9228
638 170 9192
667 187 9146
690 208 9102
724 224 9052
772 241 8987
818 253 8929
850 269 8881
901 283 8816
944 296 8760
977 319 8704
1028 337 8635
1055 366 8579
1105 383 8512
1143 412 8445
1166 445 8389
1209 455 8336
1250 482 8268
1308 498 8194
1346 532 8122
1395 559 8046
1435 593 7972
1479 618 7903
1517 650 7833
1572 681 7747
1627 706 7667
1654 754 7592
1696 784 7520
1731 823 7446
1760 867 7373
1797 901 7302
1858 923 7219
1896 960 7144
1945 993 7062
1996 1041 6963
2040 1080 6880
2088 1126 6786
2148 1165 6687
2205 1209 6586
2250 1253 6497
2309 1296 6395
2360 1355 6285
2420 1396 6184
2484 1441 6075
2530 1493 5977
2582 1552 5866
2621 1609 5770
2679 1659 5662
2728 1723 5549
2781 1781 5438
2861 1815 5324
2922 1869 5209
2981 1925 5094
3049 1978 4973
3101 2028 4871
3137 2099 4764
3202 2169 4629
3264 2237 4499
3312 2305 4383
3367 2369 4264
100b
3 0 9997
3 0 9997
5 0 9995
5 0 9995
9 0 9991
15 0 9985
18 0 9982
23 0 9977
27 0 9973
38 0 9962
50 1 9949
63 2 9935
68 5 9927
76 6 9918
93 7 9900
104 11 9885
118 12 9870
132 13 9855
144 15 9841
163 17 9820
191 18 9791
213 21 9766
224 28 9748
240 31 9729
260 35 9705
279 39 9682
313 46 9641
346 52 9602
369 56 9575
401 65 9534
430 73 9497
453 83 9464
472 93 9435
499 101 9400
528 106 9366
549 117 9334
596 125 9279
624 137 9239
664 150 9186
706 156 9138
738 173 9089
774 185 9041
813 202 8985
866 213 8921
907 224 8869
955 243 8802
997 257 8746
1047 267 8686
1082 289 8629
1112 311 8577
1144 333 8523
1177 349 8474
1227 368 8405
1270 388 8342
1305 418 8277
1336 443 8221
1386 463 8151
1418 491 8091
1458 514 8028
1496 541 7963
1542 567 7891
1584 595 7821
1624 624 7752
1678 658 7664
1717 695 7588
1773 731 7496
1838 764 7398
1904 800 7296
1957 841 7202
2010 868 7122
2065 902 7033
2133 949 6918
2169 999 6832
2226 1041 6733
2261 1090 6649
2332 1136 6532
2376 1178 6446
2440 1214 6346
2505 1259 6236
2546 1311 6143
2609 1355 6036
2654 1421 5925
2729 1466 5805
2780 1515 5705
2858 1566 5576
2912 1621 5467
2970 1664 5366
3012 1727 5261
3102 1783 5115
3166 1843 4991
3233 1897 4870
3299 1967 4734
3353 2029 4618
3410 2095 4495
3498 2147 4355
3571 2214 4215
3618 2299 4083
3673 2374 3953
3707 2461 3832
3760 2533 3707
100b
2 0 9998
3 0 9997
7 0 9993
9 0 9991
13 0 9987
19 0 9981
28 0 9972
36 0 9964
45 1 9954
54 1 9945
64 2 9934
70 4 9926
90 4 9906
97 6 9897
104 8 9888
114 9 9877
122 12 9866
136 13 9851
152 17 9831
164 22 9814
179 27 9794
193 32 9775
206 35 9759
232 37 9731
248 42 9710
269 44 9687
282 56 9662
305 63 9632
325 67 9608
350 75 9575
375 85 9540
392 92 9516
421 103 9476
441 111 9448
457 119 9424
483 129 9388
511 138 9351
539 147 9314
578 159 9263
609 174 9217
636 190 9174
678 202 9120
710 219 9071
747 235 9018
768 259 8973
817 275 8908
862 298 8840
901 314 8785
954 322 8724
1004 336 8660
1044 355 8601
1093 376 8531
1142 398 8460
1192 421 8387
1240 438 8322
1259 473 8268
1297 494 8209
1334 525 8141
1378 550 8072
1425 582 7993
1462 607 7931
1507 635 7858
1549 667 7784
1586 699 7715
1628 727 7645
1671 755 7574
1724 788 7488
1782 821 7397
1826 854 7320
1861 902 7237
1907 939 7154
1953 974 7073
2002 1014 6984
2037 1059 6904
2081 1095 6824
2141 1131 6728
2189 1177 6634
2244 1212 6544
2294 1251 6455
2341 1300 6359
2390 1341 6269
2451 1380 6169
2496 1433 6071
2539 1486 5975
2584 1543 5873
2610 1610 5780
2655 1669 5676
2679 1742 5579
2723 1803 5474
2778 1857 5365
2844 1902 5254
2901 1966 5133
2961 2030 5009
3026 2084 4890
3103 2136 4761
3150 2210 4640
3210 2271 4519
3265 2334 4401
3323 2405 4272
3380 2471 4149
